0
1
2
4
5
7
8
9
10
11
12
13
15
16
17
18
19
20
21
22
23
24
25
26
27
30
32
33
35
37
38
39
40
42
43
45
46
47
48
49
52
55
57
61
64
66
69
71
72
74
76
79
82
85
86
87
88
89
91
93
94
97
98
99
100
101
102
103
104
105
106
107
108
109
110
111
112
113
114
116
117
118
119
121
122
123
124
126
127
128
129
130
131
133
134
135
136
137
138
139
140
141
142
143
144
145
146
147
148
149
150
151
152
153
154
155
156
157
158
159
160
161
162
163
164
165
166
167
169
170
171
172
173
174
175
176
177
178
179
180
181
182
183
184
186
187
188
189
190
191
192
193
194
195
196
197
198
199
200
201
202
203
205
206
207
208
209
210
211
212
213
215
216
218
219
221
224
229
230
232
235
236
240
241
245
246
248
249
250
253
254
255
256
259
260
264
267
268
273
276
279
280
281
282
286
288
290
291
292
296
297
300
302
306
307
308
309
310
314
315
318
320
325
326
329
343
348
349
359
360
361
362
365
371
374
380
387
394
a100
a1003
a102
a1037
a106
a108
a1090
a114
a119
a1206
a1212
a1229
a1271
a128
a1296
a13
a1313
a135
a32
a414
a431
a434
a438
a439
a44
a47
a492
a499
a502
a503
a506
a509
a511
a512
a517
a522
a76
a78
a80
a83
a9
a94
a95
a98
t0
t1
t13
t14
t16
t18
t20
t21
t22
t23
t24
t25
t27
t3
t30
t31
t35
t37
t40
t41
t43
t5
t6
t8